[67054.790901] [Project1] 645 1588089234.730807518 1588089235.404836270
[67056.136163] [Project1] 646 1588089236.066613814 1588089236.750094652
[67057.474518] [Project1] 647 1588089237.397018510 1588089238.088458033
[67058.816612] [Project1] 648 1588089238.738920279 1588089239.430551270
[67060.116398] [Project1] 649 1588089240.054640976 1588089240.730338509
[67061.428775] [Project1] 650 1588089241.381120053 1588089242.042715098
[67062.782773] [Project1] 651 1588089242.720006363 1588089243.396713266
[67064.113759] [Project1] 652 1588089244.051370594 1588089244.727687247
[67065.428212] [Project1] 653 1588089245.377583668 1588089246.042151490
[67066.736213] [Project1] 654 1588089246.685380276 1588089247.350152588
